      4.44400E+05    0.00000E+00
      4.44356E+05    1.00000E-02
      4.44312E+05    2.00000E-02
      4.44268E+05    3.00000E-02
      4.44224E+05    4.00000E-02
      4.44180E+05    5.00000E-02
      4.44136E+05    6.00000E-02
      4.44092E+05    7.00000E-02
      4.44048E+05    8.00000E-02
      4.44004E+05    9.00000E-02
      4.43960E+05    1.00000E-01
      4.43916E+05    1.10000E-01
      4.43872E+05    1.20000E-01
      4.43828E+05    1.30000E-01
      4.43784E+05    1.40000E-01
      4.43740E+05    1.50000E-01
      4.43696E+05    1.60000E-01
      4.43652E+05    1.70000E-01
      4.43608E+05    1.80000E-01
      4.43564E+05    1.90000E-01
      4.43520E+05    2.00000E-01
      4.43476E+05    2.10000E-01
      4.43432E+05    2.20000E-01
      4.43388E+05    2.30000E-01
      4.43344E+05    2.40000E-01
      4.43300E+05    2.50000E-01
      4.43256E+05    2.60000E-01
      4.43212E+05    2.70000E-01
      4.43168E+05    2.80000E-01
      4.43124E+05    2.90000E-01
      4.43080E+05    3.00000E-01
      4.43036E+05    3.10000E-01
      4.42992E+05    3.20000E-01
      4.42948E+05    3.30000E-01
      4.42904E+05    3.40000E-01
      4.42860E+05    3.50000E-01
      4.42816E+05    3.60000E-01
      4.42772E+05    3.70000E-01
      4.42728E+05    3.80000E-01
      4.42684E+05    3.90000E-01
      4.42640E+05    4.00000E-01
      4.42596E+05    4.10000E-01
      4.42552E+05    4.20000E-01
      4.42508E+05    4.30000E-01
      4.42464E+05    4.40000E-01
      4.42420E+05    4.50000E-01
      4.42376E+05    4.60000E-01
      4.42332E+05    4.70000E-01
      4.42288E+05    4.80000E-01
      4.42244E+05    4.90000E-01
      4.42200E+05    5.00000E-01
      4.42156E+05    5.10000E-01
      4.42112E+05    5.20000E-01
      4.42068E+05    5.30000E-01
      4.42024E+05    5.40000E-01
      4.41980E+05    5.50000E-01
      4.41936E+05    5.60000E-01
      4.41892E+05    5.70000E-01
      4.41848E+05    5.80000E-01
      4.41804E+05    5.90000E-01
      4.41760E+05    6.00000E-01
      4.41716E+05    6.10000E-01
      4.41672E+05    6.20000E-01
      4.41628E+05    6.30000E-01
      4.41584E+05    6.40000E-01
      4.41540E+05    6.50000E-01
      4.41496E+05    6.60000E-01
      4.41452E+05    6.70000E-01
      4.41408E+05    6.80000E-01
      4.41364E+05    6.90000E-01
      4.41320E+05    7.00000E-01
      4.41276E+05    7.10000E-01
      4.41232E+05    7.20000E-01
      4.41188E+05    7.30000E-01
      4.41144E+05    7.40000E-01
      4.41100E+05    7.50000E-01
      4.41056E+05    7.60000E-01
      4.41012E+05    7.70000E-01
      4.40968E+05    7.80000E-01
      4.40924E+05    7.90000E-01
      4.40880E+05    8.00000E-01
      4.40836E+05    8.10000E-01
      4.40792E+05    8.20000E-01
      4.40748E+05    8.30000E-01
      4.40704E+05    8.40000E-01
      4.40660E+05    8.50000E-01
      4.40616E+05    8.60000E-01
      4.40572E+05    8.70000E-01
      4.40528E+05    8.80000E-01
      4.40484E+05    8.90000E-01
      4.40440E+05    9.00000E-01
      4.40396E+05    9.10000E-01
      4.40352E+05    9.20000E-01
      4.40308E+05    9.30000E-01
      4.40264E+05    9.40000E-01
      4.40220E+05    9.50000E-01
      4.40176E+05    9.60000E-01
      4.40132E+05    9.70000E-01
      4.40088E+05    9.80000E-01
      4.40044E+05    9.90000E-01
      4.40000E+05    1.00000E+00
      4.39956E+05    9.90000E-01
      4.39912E+05    9.80000E-01
      4.39868E+05    9.70000E-01
      4.39824E+05    9.60000E-01
      4.39780E+05    9.50000E-01
      4.39736E+05    9.40000E-01
      4.39692E+05    9.30000E-01
      4.39648E+05    9.20000E-01
      4.39604E+05    9.10000E-01
      4.39560E+05    9.00000E-01
      4.39516E+05    8.90000E-01
      4.39472E+05    8.80000E-01
      4.39428E+05    8.70000E-01
      4.39384E+05    8.60000E-01
      4.39340E+05    8.50000E-01
      4.39296E+05    8.40000E-01
      4.39252E+05    8.30000E-01
      4.39208E+05    8.20000E-01
      4.39164E+05    8.10000E-01
      4.39120E+05    8.00000E-01
      4.39076E+05    7.90000E-01
      4.39032E+05    7.80000E-01
      4.38988E+05    7.70000E-01
      4.38944E+05    7.60000E-01
      4.38900E+05    7.50000E-01
      4.38856E+05    7.40000E-01
      4.38812E+05    7.30000E-01
      4.38768E+05    7.20000E-01
      4.38724E+05    7.10000E-01
      4.38680E+05    7.00000E-01
      4.38636E+05    6.90000E-01
      4.38592E+05    6.80000E-01
      4.38548E+05    6.70000E-01
      4.38504E+05    6.60000E-01
      4.38460E+05    6.50000E-01
      4.38416E+05    6.40000E-01
      4.38372E+05    6.30000E-01
      4.38328E+05    6.20000E-01
      4.38284E+05    6.10000E-01
      4.38240E+05    6.00000E-01
      4.38196E+05    5.90000E-01
      4.38152E+05    5.80000E-01
      4.38108E+05    5.70000E-01
      4.38064E+05    5.60000E-01
      4.38020E+05    5.50000E-01
      4.37976E+05    5.40000E-01
      4.37932E+05    5.30000E-01
      4.37888E+05    5.20000E-01
      4.37844E+05    5.10000E-01
      4.37800E+05    5.00000E-01
      4.37756E+05    4.90000E-01
      4.37712E+05    4.80000E-01
      4.37668E+05    4.70000E-01
      4.37624E+05    4.60000E-01
      4.37580E+05    4.50000E-01
      4.37536E+05    4.40000E-01
      4.37492E+05    4.30000E-01
      4.37448E+05    4.20000E-01
      4.37404E+05    4.10000E-01
      4.37360E+05    4.00000E-01
      4.37316E+05    3.90000E-01
      4.37272E+05    3.80000E-01
      4.37228E+05    3.70000E-01
      4.37184E+05    3.60000E-01
      4.37140E+05    3.50000E-01
      4.37096E+05    3.40000E-01
      4.37052E+05    3.30000E-01
      4.37008E+05    3.20000E-01
      4.36964E+05    3.10000E-01
      4.36920E+05    3.00000E-01
      4.36876E+05    2.90000E-01
      4.36832E+05    2.80000E-01
      4.36788E+05    2.70000E-01
      4.36744E+05    2.60000E-01
      4.36700E+05    2.50000E-01
      4.36656E+05    2.40000E-01
      4.36612E+05    2.30000E-01
      4.36568E+05    2.20000E-01
      4.36524E+05    2.10000E-01
      4.36480E+05    2.00000E-01
      4.36436E+05    1.90000E-01
      4.36392E+05    1.80000E-01
      4.36348E+05    1.70000E-01
      4.36304E+05    1.60000E-01
      4.36260E+05    1.50000E-01
      4.36216E+05    1.40000E-01
      4.36172E+05    1.30000E-01
      4.36128E+05    1.20000E-01
      4.36084E+05    1.10000E-01
      4.36040E+05    1.00000E-01
      4.35996E+05    9.00000E-02
      4.35952E+05    8.00000E-02
      4.35908E+05    7.00000E-02
      4.35864E+05    6.00000E-02
      4.35820E+05    5.00000E-02
      4.35776E+05    4.00000E-02
      4.35732E+05    3.00000E-02
      4.35688E+05    2.00000E-02
      4.35644E+05    1.00000E-02
      4.35600E+05    0.00000E+00
