      4.47430E+05    0.00000E+00
      4.47356E+05    1.67043E-02
      4.47282E+05    3.34086E-02
      4.47208E+05    5.01129E-02
      4.47134E+05    6.68172E-02
      4.47060E+05    8.35214E-02
      4.46986E+05    1.00226E-01
      4.46912E+05    1.16930E-01
      4.46838E+05    1.33634E-01
      4.46764E+05    1.50339E-01
      4.46690E+05    1.67043E-01
      4.46616E+05    1.83747E-01
      4.46542E+05    2.00451E-01
      4.46468E+05    2.17156E-01
      4.46394E+05    2.33860E-01
      4.46320E+05    2.50564E-01
      4.46246E+05    2.67269E-01
      4.46172E+05    2.83973E-01
      4.46098E+05    3.00677E-01
      4.46024E+05    3.17381E-01
      4.45950E+05    3.34086E-01
      4.45876E+05    3.50790E-01
      4.45802E+05    3.67494E-01
      4.45728E+05    3.84199E-01
      4.45654E+05    4.00903E-01
      4.45580E+05    4.17607E-01
      4.45506E+05    4.34312E-01
      4.45432E+05    4.51016E-01
      4.45358E+05    4.67720E-01
      4.45284E+05    4.84424E-01
      4.45210E+05    5.01129E-01
      4.45136E+05    5.17833E-01
      4.45062E+05    5.34537E-01
      4.44988E+05    5.51242E-01
      4.44914E+05    5.67946E-01
      4.44840E+05    5.84650E-01
      4.44766E+05    6.01354E-01
      4.44692E+05    6.18059E-01
      4.44618E+05    6.34763E-01
      4.44544E+05    6.51467E-01
      4.44470E+05    6.68172E-01
      4.44396E+05    6.84876E-01
      4.44322E+05    7.01580E-01
      4.44248E+05    7.18284E-01
      4.44174E+05    7.34989E-01
      4.44100E+05    7.51693E-01
      4.44026E+05    7.68397E-01
      4.43952E+05    7.85102E-01
      4.43878E+05    8.01806E-01
      4.43804E+05    8.18510E-01
      4.43730E+05    8.35214E-01
      4.43656E+05    8.51919E-01
      4.43582E+05    8.68623E-01
      4.43508E+05    8.85327E-01
      4.43434E+05    9.02032E-01
      4.43360E+05    9.18736E-01
      4.43286E+05    9.35440E-01
      4.43212E+05    9.52144E-01
      4.43138E+05    9.68849E-01
      4.43064E+05    9.85553E-01
      4.42990E+05    1.00000E+00
      4.42916E+05    1.00000E+00
      4.42842E+05    1.00000E+00
      4.42768E+05    1.00000E+00
      4.42694E+05    1.00000E+00
      4.42620E+05    1.00000E+00
      4.42546E+05    1.00000E+00
      4.42472E+05    1.00000E+00
      4.42398E+05    1.00000E+00
      4.42324E+05    1.00000E+00
      4.42250E+05    1.00000E+00
      4.42176E+05    1.00000E+00
      4.42102E+05    1.00000E+00
      4.42028E+05    1.00000E+00
      4.41954E+05    1.00000E+00
      4.41880E+05    1.00000E+00
      4.41806E+05    1.00000E+00
      4.41732E+05    1.00000E+00
      4.41658E+05    1.00000E+00
      4.41584E+05    1.00000E+00
      4.41510E+05    1.00000E+00
      4.41436E+05    1.00000E+00
      4.41362E+05    1.00000E+00
      4.41288E+05    1.00000E+00
      4.41214E+05    1.00000E+00
      4.41140E+05    1.00000E+00
      4.41066E+05    1.00000E+00
      4.40992E+05    1.00000E+00
      4.40918E+05    1.00000E+00
      4.40844E+05    1.00000E+00
      4.40770E+05    1.00000E+00
      4.40696E+05    1.00000E+00
      4.40622E+05    1.00000E+00
      4.40548E+05    1.00000E+00
      4.40474E+05    1.00000E+00
      4.40400E+05    1.00000E+00
      4.40326E+05    1.00000E+00
      4.40252E+05    1.00000E+00
      4.40178E+05    1.00000E+00
      4.40104E+05    1.00000E+00
      4.40030E+05    1.00000E+00
      4.39956E+05    1.00000E+00
      4.39882E+05    1.00000E+00
      4.39808E+05    1.00000E+00
      4.39734E+05    1.00000E+00
      4.39660E+05    1.00000E+00
      4.39586E+05    1.00000E+00
      4.39512E+05    1.00000E+00
      4.39438E+05    1.00000E+00
      4.39364E+05    1.00000E+00
      4.39290E+05    1.00000E+00
      4.39216E+05    1.00000E+00
      4.39142E+05    1.00000E+00
      4.39068E+05    1.00000E+00
      4.38994E+05    1.00000E+00
      4.38920E+05    1.00000E+00
      4.38846E+05    1.00000E+00
      4.38772E+05    1.00000E+00
      4.38698E+05    1.00000E+00
      4.38624E+05    1.00000E+00
      4.38550E+05    1.00000E+00
      4.38476E+05    1.00000E+00
      4.38402E+05    1.00000E+00
      4.38328E+05    1.00000E+00
      4.38254E+05    1.00000E+00
      4.38180E+05    1.00000E+00
      4.38106E+05    1.00000E+00
      4.38032E+05    1.00000E+00
      4.37958E+05    1.00000E+00
      4.37884E+05    1.00000E+00
      4.37810E+05    1.00000E+00
      4.37736E+05    1.00000E+00
      4.37662E+05    1.00000E+00
      4.37588E+05    1.00000E+00
      4.37514E+05    1.00000E+00
      4.37440E+05    1.00000E+00
      4.37366E+05    1.00000E+00
      4.37292E+05    1.00000E+00
      4.37218E+05    1.00000E+00
      4.37144E+05    1.00000E+00
      4.37070E+05    1.00000E+00
      4.36996E+05    9.99085E-01
      4.36922E+05    9.82151E-01
      4.36848E+05    9.65217E-01
      4.36774E+05    9.48284E-01
      4.36700E+05    9.31350E-01
      4.36626E+05    9.14416E-01
      4.36552E+05    8.97483E-01
      4.36478E+05    8.80549E-01
      4.36404E+05    8.63616E-01
      4.36330E+05    8.46682E-01
      4.36256E+05    8.29748E-01
      4.36182E+05    8.12815E-01
      4.36108E+05    7.95881E-01
      4.36034E+05    7.78947E-01
      4.35960E+05    7.62014E-01
      4.35886E+05    7.45080E-01
      4.35812E+05    7.28146E-01
      4.35738E+05    7.11213E-01
      4.35664E+05    6.94279E-01
      4.35590E+05    6.77346E-01
      4.35516E+05    6.60412E-01
      4.35442E+05    6.43478E-01
      4.35368E+05    6.26545E-01
      4.35294E+05    6.09611E-01
      4.35220E+05    5.92677E-01
      4.35146E+05    5.75744E-01
      4.35072E+05    5.58810E-01
      4.34998E+05    5.41876E-01
      4.34924E+05    5.24943E-01
      4.34850E+05    5.08009E-01
      4.34776E+05    4.91076E-01
      4.34702E+05    4.74142E-01
      4.34628E+05    4.57208E-01
      4.34554E+05    4.40275E-01
      4.34480E+05    4.23341E-01
      4.34406E+05    4.06407E-01
      4.34332E+05    3.89474E-01
      4.34258E+05    3.72540E-01
      4.34184E+05    3.55606E-01
      4.34110E+05    3.38673E-01
      4.34036E+05    3.21739E-01
      4.33962E+05    3.04805E-01
      4.33888E+05    2.87872E-01
      4.33814E+05    2.70938E-01
      4.33740E+05    2.54005E-01
      4.33666E+05    2.37071E-01
      4.33592E+05    2.20137E-01
      4.33518E+05    2.03204E-01
      4.33444E+05    1.86270E-01
      4.33370E+05    1.69336E-01
      4.33296E+05    1.52403E-01
      4.33222E+05    1.35469E-01
      4.33148E+05    1.18535E-01
      4.33074E+05    1.01602E-01
      4.33000E+05    8.46682E-02
      4.32926E+05    6.77346E-02
      4.32852E+05    5.08009E-02
      4.32778E+05    3.38673E-02
      4.32704E+05    1.69336E-02
      4.32630E+05    0.00000E+00
