      6.83200E-04    0.00000E+00
      6.81968E-04    1.00000E-02
      6.80736E-04    2.00000E-02
      6.79504E-04    3.00000E-02
      6.78272E-04    4.00000E-02
      6.77040E-04    5.00000E-02
      6.75808E-04    6.00000E-02
      6.74576E-04    7.00000E-02
      6.73344E-04    8.00000E-02
      6.72112E-04    9.00000E-02
      6.70880E-04    1.00000E-01
      6.69648E-04    1.10000E-01
      6.68416E-04    1.20000E-01
      6.67184E-04    1.30000E-01
      6.65952E-04    1.40000E-01
      6.64720E-04    1.50000E-01
      6.63488E-04    1.60000E-01
      6.62256E-04    1.70000E-01
      6.61024E-04    1.80000E-01
      6.59792E-04    1.90000E-01
      6.58560E-04    2.00000E-01
      6.57328E-04    2.10000E-01
      6.56096E-04    2.20000E-01
      6.54864E-04    2.30000E-01
      6.53632E-04    2.40000E-01
      6.52400E-04    2.50000E-01
      6.51168E-04    2.60000E-01
      6.49936E-04    2.70000E-01
      6.48704E-04    2.80000E-01
      6.47472E-04    2.90000E-01
      6.46240E-04    3.00000E-01
      6.45008E-04    3.10000E-01
      6.43776E-04    3.20000E-01
      6.42544E-04    3.30000E-01
      6.41312E-04    3.40000E-01
      6.40080E-04    3.50000E-01
      6.38848E-04    3.60000E-01
      6.37616E-04    3.70000E-01
      6.36384E-04    3.80000E-01
      6.35152E-04    3.90000E-01
      6.33920E-04    4.00000E-01
      6.32688E-04    4.10000E-01
      6.31456E-04    4.20000E-01
      6.30224E-04    4.30000E-01
      6.28992E-04    4.40000E-01
      6.27760E-04    4.50000E-01
      6.26528E-04    4.60000E-01
      6.25296E-04    4.70000E-01
      6.24064E-04    4.80000E-01
      6.22832E-04    4.90000E-01
      6.21600E-04    5.00000E-01
      6.20368E-04    5.10000E-01
      6.19136E-04    5.20000E-01
      6.17904E-04    5.30000E-01
      6.16672E-04    5.40000E-01
      6.15440E-04    5.50000E-01
      6.14208E-04    5.60000E-01
      6.12976E-04    5.70000E-01
      6.11744E-04    5.80000E-01
      6.10512E-04    5.90000E-01
      6.09280E-04    6.00000E-01
      6.08048E-04    6.10000E-01
      6.06816E-04    6.20000E-01
      6.05584E-04    6.30000E-01
      6.04352E-04    6.40000E-01
      6.03120E-04    6.50000E-01
      6.01888E-04    6.60000E-01
      6.00656E-04    6.70000E-01
      5.99424E-04    6.80000E-01
      5.98192E-04    6.90000E-01
      5.96960E-04    7.00000E-01
      5.95728E-04    7.10000E-01
      5.94496E-04    7.20000E-01
      5.93264E-04    7.30000E-01
      5.92032E-04    7.40000E-01
      5.90800E-04    7.50000E-01
      5.89568E-04    7.60000E-01
      5.88336E-04    7.70000E-01
      5.87104E-04    7.80000E-01
      5.85872E-04    7.90000E-01
      5.84640E-04    8.00000E-01
      5.83408E-04    8.10000E-01
      5.82176E-04    8.20000E-01
      5.80944E-04    8.30000E-01
      5.79712E-04    8.40000E-01
      5.78480E-04    8.50000E-01
      5.77248E-04    8.60000E-01
      5.76016E-04    8.70000E-01
      5.74784E-04    8.80000E-01
      5.73552E-04    8.90000E-01
      5.72320E-04    9.00000E-01
      5.71088E-04    9.10000E-01
      5.69856E-04    9.20000E-01
      5.68624E-04    9.30000E-01
      5.67392E-04    9.40000E-01
      5.66160E-04    9.50000E-01
      5.64928E-04    9.60000E-01
      5.63696E-04    9.70000E-01
      5.62464E-04    9.80000E-01
      5.61232E-04    9.90000E-01
      5.60000E-04    1.00000E+00
      5.58768E-04    9.90000E-01
      5.57536E-04    9.80000E-01
      5.56304E-04    9.70000E-01
      5.55072E-04    9.60000E-01
      5.53840E-04    9.50000E-01
      5.52608E-04    9.40000E-01
      5.51376E-04    9.30000E-01
      5.50144E-04    9.20000E-01
      5.48912E-04    9.10000E-01
      5.47680E-04    9.00000E-01
      5.46448E-04    8.90000E-01
      5.45216E-04    8.80000E-01
      5.43984E-04    8.70000E-01
      5.42752E-04    8.60000E-01
      5.41520E-04    8.50000E-01
      5.40288E-04    8.40000E-01
      5.39056E-04    8.30000E-01
      5.37824E-04    8.20000E-01
      5.36592E-04    8.10000E-01
      5.35360E-04    8.00000E-01
      5.34128E-04    7.90000E-01
      5.32896E-04    7.80000E-01
      5.31664E-04    7.70000E-01
      5.30432E-04    7.60000E-01
      5.29200E-04    7.50000E-01
      5.27968E-04    7.40000E-01
      5.26736E-04    7.30000E-01
      5.25504E-04    7.20000E-01
      5.24272E-04    7.10000E-01
      5.23040E-04    7.00000E-01
      5.21808E-04    6.90000E-01
      5.20576E-04    6.80000E-01
      5.19344E-04    6.70000E-01
      5.18112E-04    6.60000E-01
      5.16880E-04    6.50000E-01
      5.15648E-04    6.40000E-01
      5.14416E-04    6.30000E-01
      5.13184E-04    6.20000E-01
      5.11952E-04    6.10000E-01
      5.10720E-04    6.00000E-01
      5.09488E-04    5.90000E-01
      5.08256E-04    5.80000E-01
      5.07024E-04    5.70000E-01
      5.05792E-04    5.60000E-01
      5.04560E-04    5.50000E-01
      5.03328E-04    5.40000E-01
      5.02096E-04    5.30000E-01
      5.00864E-04    5.20000E-01
      4.99632E-04    5.10000E-01
      4.98400E-04    5.00000E-01
      4.97168E-04    4.90000E-01
      4.95936E-04    4.80000E-01
      4.94704E-04    4.70000E-01
      4.93472E-04    4.60000E-01
      4.92240E-04    4.50000E-01
      4.91008E-04    4.40000E-01
      4.89776E-04    4.30000E-01
      4.88544E-04    4.20000E-01
      4.87312E-04    4.10000E-01
      4.86080E-04    4.00000E-01
      4.84848E-04    3.90000E-01
      4.83616E-04    3.80000E-01
      4.82384E-04    3.70000E-01
      4.81152E-04    3.60000E-01
      4.79920E-04    3.50000E-01
      4.78688E-04    3.40000E-01
      4.77456E-04    3.30000E-01
      4.76224E-04    3.20000E-01
      4.74992E-04    3.10000E-01
      4.73760E-04    3.00000E-01
      4.72528E-04    2.90000E-01
      4.71296E-04    2.80000E-01
      4.70064E-04    2.70000E-01
      4.68832E-04    2.60000E-01
      4.67600E-04    2.50000E-01
      4.66368E-04    2.40000E-01
      4.65136E-04    2.30000E-01
      4.63904E-04    2.20000E-01
      4.62672E-04    2.10000E-01
      4.61440E-04    2.00000E-01
      4.60208E-04    1.90000E-01
      4.58976E-04    1.80000E-01
      4.57744E-04    1.70000E-01
      4.56512E-04    1.60000E-01
      4.55280E-04    1.50000E-01
      4.54048E-04    1.40000E-01
      4.52816E-04    1.30000E-01
      4.51584E-04    1.20000E-01
      4.50352E-04    1.10000E-01
      4.49120E-04    1.00000E-01
      4.47888E-04    9.00000E-02
      4.46656E-04    8.00000E-02
      4.45424E-04    7.00000E-02
      4.44192E-04    6.00000E-02
      4.42960E-04    5.00000E-02
      4.41728E-04    4.00000E-02
      4.40496E-04    3.00000E-02
      4.39264E-04    2.00000E-02
      4.38032E-04    1.00000E-02
      4.36800E-04    0.00000E+00
