   1.0000000000000000        13.180000000000000        13.180000000000000     
   1.0000000000000000        12.964608947357171        12.964608947357171     
   1.0000000000000000        12.752737872374325        12.752737872374325     
   1.0000000000000000        12.544329250643766        12.544329250643766     
   1.0000000000000000        12.339326497836909        12.339326497836909     
   1.0000000000000000        12.137673954341262        12.137673954341262     
   1.0000000000000000        11.939316870148469        11.939316870148469     
   1.0000000000000000        11.744201389989321        11.744201389989321     
   1.0000000000000000        11.552274538711691        11.552274538711691     
   1.0000000000000000        11.363484206897423        11.363484206897423     
   1.0000000000000000        11.177779136714284        11.177779136714284     
   1.0000000000000000        10.995108907999114        10.995108907999114     
   1.0000000000000000        10.815423924568426        10.815423924568426     
   1.0000000000000000        10.638675400752703        10.638675400752703     
   1.0000000000000000        10.464815348150770        10.464815348150770     
   1.0000000000000000        10.293796562600617        10.293796562600617     
   1.0000000000000000        10.125572611363161        10.125572611363161     
   1.0000000000000000        9.9600978205154451        9.9600978205154451     
   1.0000000000000000        9.7973272625498637        9.7973272625498637     
   1.0000000000000000        9.6372167441760475        9.6372167441760475     
   1.0000000000000000        9.4797227943220896        9.4797227943220896     
   1.0000000000000000        9.3248026523318579        9.3248026523318579     
   1.0000000000000000        9.1724142563551965        9.1724142563551965     
   1.0000000000000000        9.0225162319278489        9.0225162319278489     
   1.0000000000000000        8.8750678807380208        8.8750678807380208     
   1.0000000000000000        8.7300291695765093        8.7300291695765093     
   1.0000000000000000        8.5873607194674282        8.5873607194674282     
   1.0000000000000000        8.4470237949765501        8.4470237949765501     
   1.0000000000000000        8.3089802936943791        8.3089802936943791     
   1.0000000000000000        8.1731927358910905        8.1731927358910905     
   1.0000000000000000        8.0396242543405361        8.0396242543405361     
   1.0000000000000000        7.9082385843105500        7.9082385843105500     
   1.0000000000000000        7.7790000537168265        7.7790000537168265     
   1.0000000000000000        7.6518735734377152        7.6518735734377152     
   1.0000000000000000        7.5268246277872910        7.5268246277872910     
   1.0000000000000000        7.4038192651441141        7.4038192651441141     
   1.0000000000000000        7.2828240887331397        7.2828240887331397     
   1.0000000000000000        7.1638062475582700        7.1638062475582700     
   1.0000000000000000        7.0467334274830922        7.0467334274830922     
   1.0000000000000000        6.9315738424573725        6.9315738424573725     
   1.0000000000000000        6.8182962258869333        6.8182962258869333     
   1.0000000000000000        6.7068698221445651        6.7068698221445651     
   1.0000000000000000        6.5972643782196689        6.5972643782196689     
   1.0000000000000000        6.4894501355043603        6.4894501355043603     
   1.0000000000000000        6.3833978217138121        6.3833978217138121     
   1.0000000000000000        6.2790786429386323        6.2790786429386323     
   1.0000000000000000        6.1764642758271258        6.1764642758271258     
   1.0000000000000000        6.0755268598953176        6.0755268598953176     
   1.0000000000000000        5.9762389899626447        5.9762389899626447     
   1.0000000000000000        5.8785737087112659        5.8785737087112659     
   1.0000000000000000        5.7825044993669739        5.7825044993669739     
   1.0000000000000000        5.6880052784997099        5.6880052784997099     
   1.0000000000000000        5.5950503889417424        5.5950503889417424     
   1.0000000000000000        5.5036145928215738        5.5036145928215738     
   1.0000000000000000        5.4136730647116904        5.4136730647116904     
   1.0000000000000000        5.3252013848882926        5.3252013848882926     
   1.0000000000000000        5.2381755327011810        5.2381755327011810     
   1.0000000000000000        5.1525718800519842        5.1525718800519842     
   1.0000000000000000        5.0683671849789773        5.0683671849789773     
   1.0000000000000000        4.9855385853467320        4.9855385853467320     
   1.0000000000000000        4.9040635926388969        4.9040635926388969     
   1.0000000000000000        4.8239200858524125        4.8239200858524125     
   1.0000000000000000        4.7450863054915144        4.7450863054915144     
   1.0000000000000000        4.6675408476598843        4.6675408476598843     
   1.0000000000000000        4.5912626582493488        4.5912626582493488     
   1.0000000000000000        4.5162310272235491        4.5162310272235491     
   1.0000000000000000        4.4424255829950301        4.4424255829950301     
   1.0000000000000000        4.3698262868942157        4.3698262868942157     
   1.0000000000000000        4.2984134277287795        4.2984134277287795     
   1.0000000000000000        4.2281676164319233        4.2281676164319233     
   1.0000000000000000        4.1590697807981156        4.1590697807981156     
   1.0000000000000000        4.0911011603048619        4.0911011603048619     
   1.0000000000000000        4.0242433010190988        4.0242433010190988     
   1.0000000000000000        3.9584780505868262        3.9584780505868262     
   1.0000000000000000        3.8937875533046240        3.8937875533046240     
   1.0000000000000000        3.8301542452717086        3.8301542452717086     
   1.0000000000000000        3.7675608496212174        3.7675608496212174     
   1.0000000000000000        3.7059903718294249        3.7059903718294249     
   1.0000000000000000        3.6454260951016155        3.6454260951016155     
   1.0000000000000000        3.5858515758333627        3.5858515758333627     
   1.0000000000000000        3.5272506391459810        3.5272506391459810     
   1.0000000000000000        3.4696073744949385        3.4696073744949385     
   1.0000000000000000        3.4129061313500384        3.4129061313500384     
   1.0000000000000000        3.3571315149461958        3.3571315149461958     
   1.0000000000000000        3.3022683821036560        3.3022683821036560     
   1.0000000000000000        3.2483018371165211        3.2483018371165211     
   1.0000000000000000        3.1952172277084663        3.1952172277084663     
   1.0000000000000000        3.1430001410545492        3.1430001410545492     
   1.0000000000000000        3.0916363998680318        3.0916363998680318     
   1.0000000000000000        3.0411120585511533        3.0411120585511533     
   1.0000000000000000        2.9914133994088066        2.9914133994088066     
   1.0000000000000000        2.9425269289240932        2.9425269289240932     
   1.0000000000000000        2.8944393740947434        2.8944393740947434     
   1.0000000000000000        2.8471376788294083        2.8471376788294083     
   1.0000000000000000        2.8006090004028432        2.8006090004028432     
   1.0000000000000000        2.7548407059690234        2.7548407059690234     
   1.0000000000000000        2.7098203691312404        2.7098203691312404     
   1.0000000000000000        2.6655357665682544        2.6655357665682544     
   1.0000000000000000        2.6219748747155802        2.6219748747155802     
   1.0000000000000000        2.5791258665010099        2.5791258665010099     
   1.0000000000000000        2.5369771081334833        2.5369771081334833     
