   94.776634543022979     
   96.695760565502326     
   95.755905908463546     
   96.730431617091796     
   97.072376504983708     
   93.429614274444575     
   94.271445237506526     
   96.560761089094456     
   95.357952528272691     
   98.073416080903385     
   97.674407938832729     
   99.994010026609047     
   95.524490868291863     
   97.236038034438579     
   95.705330075674226     
   93.614197472858550     
   100.00842211680295     
   97.207334949273402     
   95.872018126361823     
   94.609785785447812     
   97.148218707646393     
   96.379757231604117     
   92.804760046771150     
   94.371772269998146     
   97.012022512229976     
   93.659395049907360     
   95.965088701822140     
   98.375220840095366     
   95.717067530541939     
   96.244630263836044     
   100.25512948524484     
   96.841831667980202     
   96.909513469277300     
   96.031196930469818     
   98.452767696457400     
   92.404340512663453     
   96.166541095988791     
   95.770221807653556     
   94.583083821815549     
   95.352077266353533     
   94.913118384692396     
   96.950458971499032     
   97.002322275469780     
   96.186977482723549     
   92.714414171094688     
   96.653509633684592     
   98.958651885895605     
   95.870072509234916     
   94.324214096627358     
   95.047218721086949     
   96.252723246757625     
   95.661986072952359     
   96.823176881563782     
   97.408524623664348     
   95.413491593276575     
   95.557932078477108     
   94.189009578277222     
   96.051344912296315     
   97.681983422845846     
   94.733109643549895     
   96.797074582032636     
   96.558062387833033     
   95.234601205466802     
   96.226651330322824     
   95.603535315347997     
   92.947731065171368     
   95.121087669903602     
   96.379327255786819     
   95.105971859119677     
   95.363905685176988     
   95.946785589529568     
   94.115819833169127     
   98.465915207845597     
   92.823908380620225     
   94.861351997226009     
   96.026702757025859     
   96.197824309028277     
   96.225523286578010     
   94.026334685291502     
   98.128677123104026     
   96.211739139350925     
   97.014249002100641     
   95.564718872774847     
   97.308099210722389     
   98.235674246136313     
   94.438752565949187     
   95.271383251653717     
   93.712811079522893     
   96.555819091687198     
   99.638602162376742     
   97.503571136856337     
   92.116291079802821     
   95.145667849006927     
   96.566523542606575     
   97.962383969222358     
   95.170334814152838     
   97.385527382031967     
   95.758236614451860     
   94.023971998336393     
   96.837476311524156     
   95.861953605090505     
   96.396708602141786     
   95.805733786191340     
   96.265983223825884     
   96.962219929503689     
   96.260781942944206     
   93.985716598194799     
   94.590408358995205     
   95.906656146266414     
   97.004348089997535     
   96.233468747998216     
   94.759730224300526     
   98.096533752235302     
   93.088190224439046     
   96.416065833421982     
   96.862700231340725     
   96.057099523606425     
   96.994567086798241     
   93.585487252271903     
   94.951402502911833     
   93.432762674887115     
   93.537861485368694     
   95.721084078537402     
   97.762771763669122     
   99.165771754035035     
   94.503244934406041     
   96.648770179946766     
   95.808516075054229     
   94.402475989894384     
   96.037623585480304     
   96.111207739195052     
   99.693030713362575     
   94.843105658639246     
   92.876262069811190     
   98.812815047655860     
   95.918847238226732     
   94.805582584568640     
   95.671299421536006     
   97.312112314686885     
   98.502027187809361     
   93.122679996037817     
   96.403270742799108     
   94.185571505582686     
   95.891355905013739     
   95.674767980517657     
   94.591007828170518     
   96.746549291935239     
   95.810659957912790     
   94.232637737213835     
   96.685467113025894     
   96.242788229061688     
   98.553983507346558     
   96.392822538404616     
   94.954484580704559     
   97.340585194225284     
   97.772497970919233     
   97.332343367975753     
   95.161436264459894     
   95.219839623517615     
   100.01236810919434     
   91.901412789905635     
   97.528188764069284     
   98.984798085739769     
   96.171261988467464     
   98.237159771080300     
   95.839570069947897     
   96.046822082800887     
   99.573634305018402     
   91.613894009301902     
   94.497002604997334     
   96.785120138775170     
   97.135620157107596     
   95.943630444728015     
   98.637452814347924     
   97.135355723977781     
   95.729830236563203     
   95.111263277781021     
   95.583369433966652     
   94.560245460561120     
   94.213762211319718     
   94.606697763208800     
   102.15869630570020     
   93.952654458105471     
   94.926969149518968     
   97.293293624897686     
   96.250021431153570     
   94.632498861366159     
   96.450092592303491     
   97.621673552432213     
   97.869554611254472     
   93.114314865934134     
   95.123560151598653     
   98.939732874686484     
   94.160280974220285     
   97.856694728890034     
   94.562851435990311     
   96.721420939322911     
   95.740576257253423     
   97.647781430585979     
   96.373313406171121     
   98.613589665179802     
   95.282127902088831     
   96.487683545729652     
   97.549402952519785     
   93.653689649311730     
   96.073845033569526     
   96.881681377786705     
   98.187007786378118     
   94.615343160324016     
   94.798825030820467     
   93.493426130684753     
   92.551310437294205     
   97.431180615467198     
   95.467507066455696     
   97.285673978404233     
   99.180304062145581     
   96.051153622357333     
   96.408067370525359     
   96.324708064179930     
   98.641725013659737     
   94.469897999307818     
   95.330046473748027     
   95.393320279769597     
   95.891926482233202     
   98.041342670896171     
   99.205714613518566     
   98.293941149481128     
   99.237564145584130     
   95.260002413252565     
   95.719228252831087     
   95.558688262332510     
   98.699254318716243     
   92.307375846862257     
   96.565342346045341     
   98.132706531267615     
   95.191591090376107     
   95.135248569816284     
   94.942820745771883     
   93.938960320135379     
   97.564667538551873     
   97.280433723906484     
   94.755214172319015     
   97.629571880639404     
   96.743033678996369     
   98.842640898574373     
   95.055909032445484     
   97.948955318080635     
   93.739240805448503     
   96.138063633598136     
   93.502809057915016     
   93.314475478385830     
   99.430913713587330     
   96.296256351369252     
   96.668217518831952     
   93.890717021334424     
   99.023629400417505     
   94.257921384518568     
   92.795968979903279     
   95.737638104287484     
   91.480636232185191     
   97.274886476325534     
   94.287700008812507     
   94.815987579412308     
   95.420485654352859     
   96.187534536672985     
   98.221920035250164     
   96.697562030466642     
   95.972405175796979     
   95.488551700919402     
   92.619780065250353     
   98.751790715987923     
   94.250108797782730     
   97.758756118684147     
   93.230007187719821     
   94.114813555665094     
   94.188953539664453     
   97.367102325243835     
   93.760517902041002     
   99.350034621242841     
   96.001859492043963     
   93.919422407425515     
   93.156216312329590     
   96.479948674792354     
   98.019056209558713     
   94.958051708822467     
   95.616145210700395     
   95.687612850427215     
   96.519838932522731     
   92.377624265615850     
   95.936130365622745     
   93.898272278603784     
   97.021929586522404     
   98.857492616254177     
   97.475447050767386     
   97.922867322733623     
   99.485364598900006     
   94.087316874424843     
   96.576338448742732     
   94.017966478190772     
   98.381371969551225     
   92.841269357645857     
   94.911442044783485     
   96.721035912115042     
   95.305778288464580     
   96.650165792398312     
   94.346995945132619     
   96.996444749784558     
   94.165756936785584     
   95.013927271768324     
   96.175783054130932     
   96.478315757241546     
   95.441179398866538     
   93.685625704693749     
   96.678128629196706     
   95.986628199119025     
   92.597975099006831     
   97.229395204083275     
   97.272038306725932     
   93.978884760758433     
   93.427923591888117     
   96.092611715882995     
   95.500070862893978     
   95.792776626807765     
   92.374177646546343     
   96.350985677090463     
   100.13467976034050     
   94.499757161773488     
   96.182713012644541     
   95.969670338007617     
   94.008285486094735     
   96.557919605645935     
   97.442822466716180     
   95.616140082651611     
   98.685928785104224     
   97.497279589096649     
   95.779264288133589     
   93.425632692491163     
   92.921673167283870     
   97.503374888183032     
   95.215343151662410     
   96.777436171044641     
   95.508574925004041     
   95.478889858120098     
   95.456615286233060     
   95.622843158031813     
   95.476490691444582     
   93.862468116967847     
   96.664131092955898     
   95.869994182954201     
   96.356494713715279     
   97.371188871912182     
   97.613184614256468     
   96.404132800619777     
   93.721580663665463     
   95.921622140304180     
   102.08741127039757     
   95.043658147990215     
   94.833469874060214     
   96.369190551983834     
   95.295678093253116     
   98.387844016107991     
   95.474239601432373     
   96.595175415738424     
   97.335903291288815     
   98.259140673571636     
   97.933638573325638     
   97.215365797703228     
   92.826160789664613     
   95.611885113739447     
   96.619461804187921     
   94.856671912510507     
   98.220133789308107     
   96.911377342914648     
   93.769447534253302     
   96.564683388172767     
   96.662944639637146     
   98.948203294536711     
   97.383895508214422     
   98.424935910906385     
   96.752888824136605     
   92.674272893328805     
   97.662340144486407     
   95.690776593571528     
   98.264217965052651     
   98.796067703545845     
   94.428549019352801     
   96.670765943925446     
   98.960044484866643     
   96.427576240405429     
   96.365127700025241     
   92.025966542869469     
   97.502196709945110     
   97.490183050029600     
   96.769855344778705     
   96.638787654273628     
   96.027323286571828     
   95.183952726347485     
   96.136504617520984     
   95.718575211930485     
   95.237307853145225     
   98.658984041034145     
   95.993110619399090     
   95.325421629967522     
   94.188376291194970     
   93.442991423259500     
   95.239053207970912     
   98.320848158035545     
   95.559068592507757     
   96.528431851843692     
   95.406430888709934     
   95.776935848053327     
   94.083289329651549     
   96.824727556808710     
   98.216062044615470     
   91.564813488726202     
   96.966810472579226     
   93.659409482334567     
   98.437245090569391     
   94.604159017258127     
   97.357483402726089     
   95.560923528987331     
   96.544109492119958     
   95.247976507096467     
   97.517088786956265     
   96.818519442516603     
   92.482582187195931     
   97.101449644576533     
   94.312236670376734     
   94.572733968814191     
   96.864407795702348     
   95.766642243398664     
   96.577850652168109     
   96.076806577168668     
   95.722377201450229     
   93.603056618692150     
   99.254382085065657     
   97.508535686333573     
   95.654120898433163     
   96.971819834320229     
   96.392768060874815     
   95.325091034282366     
   96.612167196364183     
   97.412288628166664     
   96.090723017375609     
   97.494719966617936     
   94.026317676732674     
   95.202894864532183     
   94.674703997629621     
   97.145889626350595     
   93.252266436462520     
   97.846711149518711     
   97.854899454054461     
   95.115688669510760     
   98.290070773780357     
   92.088619438248088     
   94.876167022750849     
   94.052841729992892     
   96.231666762797033     
   96.635195783428642     
   98.298657539666550     
   94.855871711554471     
   98.013193987925391     
   95.919073250387427     
   97.430119234397907     
   95.438499244801932     
   93.956963941055236     
   95.668966789665774     
   93.280530238451917     
   93.358058960752075     
   95.315180762293863     
   94.842297012636209     
   94.888418624324544     
   93.992403781672337     
   97.330610629497940     
   94.317902044868944     
   96.065545935729304     
   97.999951103141370     
   99.321050024726247     
   100.06517805901359     
   97.886475900351371     
   96.114697536057463     
   96.010647240795748     
   95.222122619524811     
   98.717607532346904     
   95.356555397113567     
   97.530802187937482     
   95.088123484184209     
   96.350649312233998     
   97.909794861978185     
   94.069233283439999     
   94.685530701032789     
   96.006948615792538     
   94.356179154513015     
   99.405780875725384     
   97.593297154749919     
   95.088401419256840     
   94.178414639255607     
   95.609219421811190     
   95.144310133562541     
   96.344834923795844     
   99.378517928986852     
   97.758507071655757     
   96.864627378011605     
   93.774086910857591     
   96.187900704877336     
   92.761644402118350     
   94.999620247430798     
   96.614581666998220     
   97.379991700173875     
   97.708164861795495     
   96.141050449008659     
   97.617614397358679     
   93.600073344822079     
   95.927418156448226     
   97.017190147964783     
   94.191902928851221     
   95.085692791959147     
   92.191751891513690     
   98.212951382762228     
   97.674419533240368     
   98.566660402233865     
   93.768933086916391     
   94.598871029589233     
   96.556863205103852     
   93.862933973665079     
   96.276624892518413     
   94.148441259478005     
   94.152136828811720     
   96.380403557202925     
   99.072159641577571     
   94.244028776484612     
   96.448146038172993     
   99.100308163988558     
   95.502940379432317     
   93.442281818107716     
   98.116806360673351     
   96.627026876852398     
   95.041208863026824     
   96.165310080466668     
   96.009063254748611     
   98.190145747811570     
   95.789453411709289     
   95.905388540568765     
   96.344250867171695     
   100.36463161688012     
   94.773070595930847     
   97.911897300514852     
   95.024685153969628     
   96.840920993442850     
   96.883356089557182     
   96.485326222820518     
   93.426834051441730     
   97.827279515060965     
   99.491031278827165     
   95.849131879664981     
   94.289215850356641     
   96.117523586651927     
   99.126841514921537     
   98.078249349375810     
   97.665315570287504     
   98.554962553629494     
   94.925079109069003     
   93.034294057318533     
   95.818929463070333     
   92.845309544099223     
   100.22323323114541     
   94.537973013486521     
   94.159864422859826     
   98.278896087457554     
   95.902896243122456     
   97.206685390588120     
   93.472686018039411     
   93.891972109497488     
   94.795197753977163     
   97.258490884663274     
   96.495248875439174     
   96.459509687618379     
   94.676560221103685     
   95.794899403381294     
   95.272405085132547     
   97.364844096364308     
   93.507700959292478     
   97.129531707712502     
   96.143014305530244     
   97.548410132627410     
   98.114860675559981     
   97.305289934738255     
   97.393777028411066     
   97.161484424735661     
   95.214148038440754     
   95.178147872044889     
   98.117664555367796     
   94.196413763750016     
   98.833782125949725     
   97.944854013953574     
   95.656615896249406     
   94.668985319260514     
   96.276442137219789     
   95.502391905758287     
   95.061719734802097     
   96.541128534542267     
   98.035970037922894     
   95.574352052630942     
   98.447195614693655     
   97.460199261604401     
   95.971672795802291     
   96.154770421216057     
   94.827150149693708     
   99.850790717693513     
   96.052628506288556     
   98.384252047194835     
   97.489129389159416     
   94.734377279329024     
   97.025378206631771     
   95.422088449484434     
   95.160195694405687     
   95.247164854877084     
   95.872017862145597     
   94.908361126487691     
   92.358632806634390     
   99.993724867732411     
   94.579949328254784     
   92.732729563527769     
   96.129881290085535     
   93.548206057863979     
   95.242961346009594     
   96.342834193697513     
   96.216698298705367     
   96.365172609612159     
   98.077527883364752     
   95.556220100670487     
   95.203710779508285     
   95.950428062391552     
   93.758928367825831     
   94.760261770161932     
   95.111008805332659     
   95.728813395439374     
   97.032818369189997     
   93.620669066513386     
   99.217896860428709     
   93.317352812911892     
   98.567358430579844     
   96.644952904629136     
   94.594337098635194     
   94.658918389495312     
   96.516207441258146     
   95.524720825534786     
   97.023104399891494     
   97.663176652216379     
   96.499817686194930     
   97.996544270546323     
   94.486517894525974     
   97.063204453220820     
   96.311584886482223     
   97.597173507120459     
   92.712372099958358     
   97.602660378825846     
   94.910390587422697     
   95.269244349042722     
   97.889675718463337     
   95.028962454507976     
   96.842912942565732     
   95.954208541525375     
   92.093493964032845     
   94.713039519362454     
   94.362776209337824     
   94.686216837507075     
   98.697020130439853     
   92.286780244659724     
   95.487947733176824     
   95.917846962165427     
   96.282633414316763     
   100.31229447598797     
   97.540596729494055     
   95.289648482678430     
   95.443486721206796     
   96.713631444917269     
   94.847135649438414     
   95.131116376884620     
   96.252847265029217     
   92.840058927705854     
   96.761874229255696     
   94.753811458812109     
   95.705138757702329     
   94.259865085635710     
   95.355759008805975     
   98.648519020771545     
   98.064468356165960     
   98.839808951869415     
   95.597344212687673     
   98.153010484113423     
   97.292964762869246     
   91.813518331176184     
   95.545957777372749     
   94.558260340826578     
   94.744713329570658     
   95.299282440654537     
   92.508168622010473     
   97.877252415831549     
   97.550310599234066     
   96.514040529957541     
   95.946133204280216     
   98.620372925387485     
   93.470003391499745     
   96.565973095739167     
   92.525555617023556     
   96.211252290641966     
   98.045269551243678     
   98.584455731827177     
   93.703337430946306     
   95.469125645736142     
   94.296833989317904     
   97.505963274187721     
   96.802463651918515     
   96.562657541328036     
   95.021357073269286     
   94.336366286124615     
   98.107341735774810     
   97.065560040796399     
   95.449163123862306     
   96.273818528407631     
   94.784161755747178     
   96.341190400720151     
   95.750793115989069     
   98.050259708367307     
   98.638922434257552     
   98.132689864411233     
   94.753207882876950     
   97.002890704127879     
   92.883642689655346     
   97.695754264360005     
   93.652983250237753     
   96.482487464701492     
   96.563189794156457     
   99.222871472008521     
   96.366072021758271     
   95.454328792457503     
   98.438813853682674     
   95.340637421773025     
   97.329127477750120     
   95.413441974270498     
   100.56166210386024     
   96.695726821821452     
   98.584281413566202     
   98.154466908485460     
   99.648558871693638     
   96.478698633187165     
   97.409967670052893     
   98.455601587857089     
   93.049832809919380     
   97.281254210838426     
   94.428248782829044     
   95.342241105758703     
   96.625497551247093     
   90.824191195730336     
   92.117444486442437     
   97.374514853690584     
   97.558932101777387     
   97.079636771776350     
   97.266826381944256     
   92.190867507282647     
   92.975210351912736     
   98.076999370169432     
   97.017896894515232     
   97.117182573564619     
   97.456530319249808     
   96.830301459308515     
   97.053966330544569     
   94.620352002479919     
   92.513832204451717     
   97.058245193749002     
   95.838625884653581     
   97.344272127870013     
   101.16902211763286     
   95.751247156530681     
   96.183779057684006     
   96.834599139048166     
   97.104352842024454     
   98.819385818973089     
   95.120370725556967     
   95.011970446732590     
   96.773907739846962     
   89.870613798127593     
   98.509242940081990     
   99.558968210738286     
   94.401537383129138     
   98.593178055817219     
   97.670648089891870     
   95.186830956898930     
   95.885483486794953     
   96.088701862347975     
   95.989204468895778     
   97.434919094372574     
   94.677009816815215     
   95.345923805517742     
   94.089412349276216     
   94.242612016118002     
   94.348563534779302     
   97.288137879358572     
   94.316065770045796     
   97.277721228267168     
   96.402919204089756     
   96.852828665212883     
   93.261727568715230     
   98.601429141369422     
   94.341013272938284     
   96.399738088146705     
   97.139221065693533     
   94.892840321032025     
   94.595457026089434     
   94.149840848397645     
   96.006257972741437     
   97.453525772294824     
   95.116158724983123     
   99.016708725979697     
   98.557894883873260     
   96.028612268079144     
   98.283363421860130     
   97.806550241614104     
   95.952818551747924     
   96.478244758607374     
   95.312041748652092     
   94.609457314109406     
   96.051848321411342     
   94.109807120698434     
   95.500918042835750     
   94.547834041885039     
   92.539798770324680     
   96.181674503182251     
   96.991840555102812     
   93.805845246136514     
   97.383338537059743     
   99.117407326576995     
   95.461898006341102     
   95.105902459380204     
   96.557256072278577     
   94.613478494503411     
   94.721487358830061     
   92.123494586114319     
   95.935100511966141     
   97.217524525844198     
   94.608475125078101     
   94.446390039633442     
   95.905378748083919     
   96.094433559117206     
   97.537199887569258     
   96.304286116019114     
   97.094633352497567     
   98.438745293437208     
   97.360954525359546     
   99.521823700868879     
   94.401270571587574     
   97.856814080956028     
   96.198111280910425     
   96.782388968348215     
   98.570277999561924     
   96.172162712474318     
   99.356693981736370     
   96.368994942663448     
   97.053689361905526     
   96.547084842111133     
   92.838105872291621     
   94.600550022370484     
   96.131316555180547     
   96.545626813535890     
   98.334293861787245     
   93.819544393504813     
   96.853999122600143     
   96.458869078571126     
   93.576861547507960     
   95.878669029235311     
   94.498250555317455     
   98.646717460719216     
   96.653126317875305     
   99.702913331122900     
   96.730884695577046     
   98.981303299037336     
   98.271112467462558     
   95.001573097674850     
   97.085363869115639     
   96.322528479720830     
   97.369240300536873     
   95.872049759851819     
   96.229694097546826     
   93.281095763805070     
   93.957150622996281     
   95.487127657516879     
   93.771998068327036     
   97.980196146441955     
   93.604729744886086     
   96.374172912260818     
   96.294700230401745     
   95.306164019193389     
   98.549607341604556     
   92.166894206863731     
   97.655481233129237     
   93.268417643204074     
   96.173536914657220     
   95.929004386889488     
   97.645900638448751     
   93.955630676834247     
   95.319292043307740     
   99.052643024583574     
   101.23304428579699     
   94.950924048493007     
   95.647543627508526     
   97.890644260172110     
   94.205886769155185     
   94.154131417023521     
   101.53145917857722     
   98.365571237669187     
   96.939477149422927     
   97.609568793705577     
   94.095356967069762     
   94.880429629160346     
   93.031619504321313     
   96.375098446702310     
   97.562879481094413     
   97.171990326800966     
   92.870903905120997     
   95.297963027715056     
   95.748024284272489     
   93.530667181269422     
   98.596288179552346     
   96.551001146452123     
   98.831766449892939     
   95.926875754252336     
   97.424548170476470     
   96.667449952537822     
   93.211944534729966     
   98.714924879450649     
   98.427009375158576     
   94.553495016436543     
   99.726115501262314     
   96.352906146364774     
   95.126913406042263     
   95.410650765665395     
   92.965143904852297     
   94.910721718152857     
   96.457613578018410     
   94.396970830272295     
   97.143628184687486     
   95.756690722014170     
   97.305862714815049     
   96.426764956058321     
   95.519532820098149     
   98.614704652992074     
   94.837659196276732     
   95.111549840439977     
   100.13863888307677     
   93.214439648030023     
   97.685141747741568     
   95.181168998963855     
   98.919255500723082     
   95.885322993087016     
   97.168253583229003     
   93.871584948843775     
   93.676539102991185     
   96.143290219073819     
   95.987233377487755     
   96.322442858576565     
   93.276954000415884     
   96.512707121195476     
   95.302074713202416     
   94.936151248576465     
   97.355281879659273     
   98.178432347330798     
   95.393842799904178     
   94.402576559138978     
   94.601216756507412     
   97.046465453388706     
   96.430322710786811     
   97.536568923205252     
   95.663856897981660     
   94.011626425473210     
   95.323532925592986     
   100.02015362042602     
   95.277998960218298     
   98.639971707760168     
   94.320035309066498     
   96.252293726357138     
   95.433465249484598     
   97.955253268683663     
   98.927384633490718     
   96.905248468251074     
   96.409046840746271     
   95.201386626678485     
   97.319555741158482     
   95.029709079361183     
   95.824523354733714     
   97.836135008033239     
   99.207764739571047     
   97.956945437817140     
   93.097979778763033     
   95.141282986294883     
   94.114043865117168     
   98.273510809358356     
   94.500552565672905     
   94.967667925661416     
   96.740849750196674     
